MAP 65 209 29
MAP 251 270 30
MAP 283 336 31
MAP 338 488 36
MAP 495 517 903
MAP 526 664 904
MAP 671 9460 903
MAP 9489 12091 904
MAP 12097 12097 902
MAP 12100 23814 903
MAP 23817 29703 904
MAP 29706 49683 905
MAP 49686 63407 906
MAP 63429 67927 907
MAP 67946 70468 906
MAP 70471 78871 907
MAP 78874 90166 908
MAP 90169 100662 909
MAP 100665 105346 910
MAP 105360 112585 908
MAP 112588 124307 909
MAP 124310 175801 910
MAP 175804 176770 911
MAP 176794 194810 913
MAP 194813 201244 914
MAP 201585 201585 575
MAP 201592 201592 596
MAP 201596 201596 604
MAP 201603 201603 605
MAP 201607 201607 611
MAP 201614 201614 616
MAP 201618 201618 618
MAP 201625 201625 619
MAP 201629 201629 621
MAP 201636 201636 622
MAP 201640 201640 624
MAP 201647 201651 625
MAP 201658 201662 626
MAP 201669 201673 627
MAP 201680 201680 628
MAP 201684 201684 630
MAP 201691 201691 631
MAP 201695 201695 633
MAP 201702 201706 631
MAP 201713 201713 632
MAP 201717 201717 634
MAP 201724 201728 635
MAP 201735 201735 636
MAP 201737 208112 912
MAP 208126 213807 911
MAP 213826 214656 908
MAP 214674 214683 909
MAP 214716 215691 912
MAP 215709 219682 913
MAP 219712 225429 911
MAP 225431 240641 913
MAP 240676 241381 911
MAP 241403 241997 912
MAP 242018 247905 910
MAP 247927 249042 906
MAP 249060 252274 905
MAP 252291 258762 903
MAP 258813 259271 904
MAP 259285 288668 905
MAP 288670 326379 907
MAP 326390 326593 908
MAP 326621 329793 909
MAP 329853 329864 906
MAP 329866 330977 907
MAP 330979 331911 908
MAP 331947 333706 909
MAP 333708 334267 910
MAP 334269 335188 911
MAP 335190 335367 912
MAP 335369 335597 913
MAP 335599 336621 914
MAP 336623 336943 915
MAP 336945 337217 916
MAP 337219 337507 917
MAP 337509 337672 918
MAP 337674 337674 919
MAP 337686 337989 918
MAP 338008 338486 917
MAP 338488 339924 918
MAP 339926 340091 919
MAP 340164 340172 920
MAP 340176 340269 921
MAP 340271 341003 922
MAP 341007 342058 923
MAP 342062 343651 924
MAP 343653 343775 925
MAP 343815 344104 923
MAP 344108 344108 924
MAP 344122 345415 919
MAP 345417 346476 920
MAP 346607 346607 4942
MAP 346619 347840 4943
MAP 378491 378491 -25550
MAP 378493 378493 -25548
MAP 378593 378593 -25546
MAP 378646 378646 -25545
MAP 378693 378693 -25543
MAP 378719 378719 -25541
MAP 378860 378860 -25539
MAP 378902 378902 -25537
MAP 378928 378928 -25535
MAP 378959 378959 -25533
MAP 378983 378983 -25530
MAP 379015 379015 -25528
MAP 379043 379043 -25526
MAP 379083 379083 -25524
MAP 379123 379123 -25522
MAP 379160 379160 -25520
MAP 379164 379164 -25518
MAP 379203 379203 -25516
MAP 379240 379240 -25513
MAP 379292 379292 -25511
MAP 379361 379361 -25509
MAP 379434 379434 -25507
MAP 379505 379505 -25505
MAP 379575 379575 -25502
MAP 379650 379650 -25500
MAP 379728 379728 -25498
MAP 379809 379809 -25496
MAP 379915 379915 -25494
MAP 379987 379987 -25492
MAP 380079 380079 -25490
MAP 380168 380168 -25488
MAP 380242 380242 -25485
MAP 380310 380310 -25483
MAP 380405 380405 -25481
MAP 380494 380494 -25479
MAP 380550 380550 -25477
MAP 380616 380616 -25475
MAP 380731 380731 -25473
MAP 380792 380792 -25471
MAP 380804 380804 -25469
MAP 380864 380864 -25467
MAP 380924 380924 -25465
MAP 380984 380984 -25463
MAP 380990 380990 -25461
MAP 381059 381059 -25459
MAP 381106 381106 -25457
MAP 381141 381141 -25455
MAP 381183 381183 -25452
MAP 381214 381214 -25450
MAP 381259 381259 -25448
MAP 381295 381295 -25446
MAP 381325 381325 -25444
MAP 381368 381368 -25442
MAP 381411 381411 -25440
MAP 381446 381446 -25438
MAP 381468 381468 -25435
MAP 381515 381515 -25433
MAP 381549 381549 -25431
MAP 381596 381596 -25429
MAP 381635 381635 -25427
MAP 381676 381676 -25425
MAP 381758 381758 -25422
MAP 381831 381831 -25419
MAP 381865 381865 -25417
MAP 381894 381894 -25415
MAP 381923 381923 -25413
MAP 381953 381953 -25411
MAP 381980 381980 -25409
MAP 382059 382059 -25407
MAP 382095 382095 -25405
MAP 382154 382154 -25403
MAP 382179 382179 -25401
MAP 382208 382208 -25399
MAP 382228 382228 -25397
MAP 382272 382272 -25395
MAP 382290 382290 -25393
MAP 382316 382316 -25391
MAP 382346 382346 -25389
MAP 382364 382364 -25387
MAP 382392 382392 -25385
MAP 382406 382406 -25383
MAP 382438 382438 -25381
MAP 382473 382473 -25379
MAP 382485 382485 -25377
MAP 382504 382504 -25375
MAP 382527 382527 -25373
MAP 382560 382560 -25370
MAP 382580 382580 -25368
MAP 382600 382600 -25366
MAP 382626 382626 -25364
MAP 382652 382652 -25362
MAP 382674 382674 -25360
MAP 382693 382693 -25358
MAP 382724 382724 -25356
MAP 382751 382751 -25354
MAP 382773 382773 -25352
MAP 382801 382801 -25350
MAP 382826 382826 -25349
MAP 382854 382854 -25347
MAP 382891 382891 -25345
MAP 382932 382932 -25343
MAP 382958 382958 -25341
MAP 382995 382995 -25339
MAP 383057 383057 -25337
MAP 383092 383092 -25335
MAP 383120 383120 -25333
MAP 383146 383146 -25331
MAP 383173 383173 -25329
MAP 383215 383215 -25327
MAP 383237 383237 -25325
MAP 383275 383275 -25323
MAP 383298 383298 -25321
MAP 383332 383332 -25319
MAP 383377 383377 -25317
MAP 383408 383408 -25315
MAP 383436 383436 -25313
MAP 383479 383479 -25311
MAP 383498 383498 -25309
MAP 383526 383526 -25307
MAP 383548 383548 -25305
MAP 383592 383592 -25303
MAP 383638 383638 -25301
MAP 383640 383640 -25300
MAP 383686 383686 -25298
MAP 383736 383736 -25296
MAP 383771 383771 -25294
MAP 383803 383803 -25292
MAP 383839 383839 -25290
MAP 383869 383869 -25288
MAP 383901 383901 -25286
MAP 383966 383966 -25284
MAP 384003 384003 -25282
MAP 384031 384031 -25280
MAP 384061 384061 -25278
MAP 384076 384076 -25276
MAP 384098 384098 -25274
MAP 384126 384126 -25272
MAP 384156 384156 -25270
MAP 384182 384182 -25268
MAP 384214 384214 -25266
MAP 384232 384232 -25264
MAP 384257 384257 -25262
MAP 384292 384292 -25260
MAP 384312 384312 -25258
MAP 384336 384336 -25256
MAP 384354 384354 -25254
MAP 384376 384376 -25251
MAP 384405 384405 -25249
MAP 384454 384454 -25247
MAP 384476 384476 -25245
MAP 384497 384497 -25243
MAP 384534 384534 -25241
MAP 384550 384550 -25239
MAP 384589 384589 -25237
MAP 384639 384639 -25235
MAP 384725 384725 -25233
MAP 384743 384743 -25231
MAP 384768 384768 -25229
MAP 384790 384790 -25227
MAP 384834 384834 -25225
MAP 384863 384863 -25223
MAP 384952 384952 -25221
MAP 384991 384991 -25219
MAP 385028 385028 -25217
MAP 385047 385047 -25215
MAP 385058 385058 -25213
MAP 385085 385085 -25211
MAP 385148 385148 -25209
MAP 385164 385164 -25207
MAP 385175 385175 -25205
MAP 385232 385232 -25203
MAP 385276 385276 -25201
MAP 385733 385733 -25190
MAP 385735 385735 -25189
MAP 385742 385742 -25187
MAP 385775 385775 -25185
MAP 385805 385805 -25183
MAP 385826 385826 -25180
MAP 385879 385879 -25178
MAP 385899 385899 -25175
MAP 385912 385912 -25167
MAP 386208 386208 -25161
MAP 386234 386234 -25159
MAP 386241 386241 -25157
MAP 386273 386273 -25155
MAP 386395 386395 -25150
MAP 386450 386450 -25146
MAP 386527 386529 -25142
MAP 386576 386576 -25139
MAP 386589 386589 -25136
MAP 386715 386715 -25134
MAP 386806 386806 -25132
MAP 386833 386833 -25130
MAP 387013 387013 -25128
MAP 387052 387052 -25126
MAP 387079 387079 -25124
MAP 387117 387117 -25117
MAP 387181 387181 -25115
MAP 387285 387285 -25113
MAP 387361 387361 -25111
MAP 387404 387404 -25109
MAP 387436 387436 -25107
MAP 387511 387511 -25105
MAP 387575 387575 -25103
MAP 387592 387592 -25101
MAP 387666 387666 -25099
MAP 387716 387716 -25097
MAP 387724 387753 -25095
MAP 387804 387804 -25093
MAP 387831 387831 -25091
MAP 387840 387840 -25088
MAP 387860 387860 -25086
MAP 387880 387880 -25084
MAP 387907 387907 -25082
MAP 387955 387955 -25080
MAP 387979 387979 -25078
MAP 388007 388007 -25076
MAP 388026 388026 -25074
MAP 388177 388177 -25070
MAP 388181 388181 -25068
MAP 388199 388199 -25066
MAP 388217 388253 -25064
MAP 388281 388281 -25062
MAP 388308 388308 -25060
MAP 388370 388370 -25056
MAP 388396 388396 -25054
MAP 388420 388420 -25051
MAP 388452 388452 -25049
MAP 388518 388518 -25047
MAP 388572 388572 -25043
MAP 388637 388637 -25041
MAP 388691 388735 -25039
MAP 388764 388764 -25037
MAP 388791 388791 -25035
MAP 388822 388822 -25033
MAP 388859 388859 -25031
MAP 388864 388864 -25029
MAP 388995 388995 -25025
MAP 389063 389063 -25023
MAP 389096 389096 -25020
MAP 389166 389166 -25016
MAP 389202 389202 -25014
MAP 389254 389254 -25012
MAP 389290 389290 -25011
MAP 389328 389328 -25009
MAP 389467 389467 -25003
MAP 389531 389531 -25001
MAP 389571 389571 -24999
MAP 389665 389665 -24996
MAP 389745 389745 -24994
MAP 389779 389779 -24992
MAP 389803 389803 -24990
MAP 389943 389943 -24988
MAP 390028 390028 -24986
MAP 390126 390126 -24984
MAP 390175 390175 -24980
MAP 390208 390208 -24978
MAP 390280 390280 -24976
MAP 390297 390297 -24974
MAP 390304 390304 -24972
MAP 390337 390337 -24970
MAP 390343 390343 -24968
MAP 390358 390358 -24966
MAP 390467 390467 -24964
MAP 390494 390494 -24962
MAP 390721 390721 -24958
MAP 390729 390729 -24955
MAP 390789 390789 -24949
MAP 390801 390801 -24947
MAP 390814 390814 -24945
MAP 390856 390856 -24943
MAP 390865 390865 -24941
MAP 390910 390910 -24939
MAP 390952 390952 -24937
MAP 391017 391017 -24935
MAP 391125 391125 -24933
MAP 391217 391217 -24929
MAP 391288 391288 -24926
MAP 391353 391353 -24924
MAP 391405 391405 -24922
MAP 391442 391442 -24920
MAP 391496 391496 -24918
MAP 391548 391548 -24916
MAP 391568 391568 -24915
MAP 391679 391679 -24913
MAP 391727 391727 -24911
MAP 391849 391849 -24909
MAP 391912 391912 -24907
MAP 391957 391957 -24905
MAP 392071 392071 -24903
MAP 392080 392080 -24901
MAP 392107 392107 -24899
MAP 392118 392118 -24897
MAP 392210 392210 -24893
MAP 392250 392250 -24891
MAP 392256 392256 -24889
MAP 392601 392601 -24885
MAP 392730 392730 -24883
MAP 392735 392735 -24881
MAP 392742 392742 -24879
MAP 393160 393160 -24875
MAP 393237 393237 -24873
MAP 393239 393239 -24872
MAP 393332 393332 -24870
MAP 393340 393340 -24868
MAP 393414 393414 -24866
MAP 393421 393421 -24864
MAP 393501 393501 -24862
MAP 393511 393511 -24860
MAP 393521 393521 -24858
MAP 393611 393611 -24856
MAP 393617 393617 -24854
MAP 393686 393686 -24852
MAP 393702 393702 -24850
MAP 393815 393815 -24848
MAP 393823 393823 -24846
MAP 393831 393831 -24844
MAP 393902 393902 -24842
MAP 393911 393911 -24840
MAP 394002 394002 -24838
MAP 394012 394012 -24836
MAP 394020 394020 -24834
MAP 394037 394037 -24832
MAP 394065 394065 -24828
MAP 394083 394083 -24825
MAP 394109 394109 -24823
MAP 394198 394198 -24821
MAP 394206 394206 -24819
MAP 394212 394212 -24817
MAP 394217 394217 -24815
MAP 394330 394330 -24811
MAP 394376 394376 -24809
MAP 394407 394407 -24807
MAP 394459 394459 -24805
MAP 394499 394499 -24803
MAP 394540 394540 -24801
MAP 394573 394573 -24799
MAP 394635 394635 -24797
MAP 394669 394669 -24795
MAP 394764 394764 -24792
MAP 394795 394795 -24790
MAP 394854 394854 -24788
MAP 394882 394882 -24786
MAP 394907 394907 -24784
MAP 394918 394918 -24782
MAP 394948 394948 -24778
MAP 394965 394965 -24776
MAP 395046 395046 -24771
MAP 395058 395058 -24769
MAP 395098 395098 -24767
MAP 395115 395115 -24765
MAP 395219 395219 -24759
MAP 395233 395233 -24757
MAP 395250 395250 -24755
MAP 395280 395280 -24753
MAP 395290 395290 -24751
MAP 395314 395314 -24749
MAP 395378 395378 -24745
MAP 395577 395577 -24741
MAP 395649 395650 -24653
MAP 395763 395763 -24649
MAP 395795 395795 -24644
MAP 395810 395810 -24642
MAP 395814 395814 -24584
MAP 395944 395944 -24582
MAP 395964 395964 -24580
MAP 395995 395995 -24578
MAP 396098 396098 -24576
MAP 396227 396227 -24573
MAP 396653 396653 -24569
MAP 397176 397176 -24563
MAP 397331 397331 -24559
MAP 397354 397354 -24557
MAP 397363 397363 -24555
MAP 397374 397374 -24553
MAP 397411 397411 -24551
MAP 397415 397453 -24549
MAP 397463 397503 -24547
MAP 397518 397518 -24544
MAP 397570 397570 -24542
MAP 397624 397624 -24541
MAP 397954 397954 -24537
MAP 397963 398018 -24536
MAP 398070 398070 -24534
MAP 398114 398114 -24532
MAP 398160 398160 -24530
MAP 398200 398200 -24528
MAP 398261 398261 -24526
MAP 398291 398291 -24524
MAP 398311 398311 -24522
MAP 398343 398343 -24519
MAP 398370 398370 -24517
MAP 398382 398382 -24515
MAP 398402 398402 -24513
MAP 398631 398631 -24508
MAP 398660 398660 -24505
MAP 398674 398674 -24502
MAP 398679 398679 -24501
MAP 398697 398697 -24499
MAP 398801 398801 -24534
MAP 398808 398808 -24532
MAP 399143 399143 -24530
MAP 399166 399166 -24528
MAP 399225 399225 -24526
MAP 399252 399252 -24524
MAP 399324 399324 -24523
MAP 399348 399348 -24521
MAP 399434 399434 -24517
MAP 399451 399451 -24512
MAP 399616 399616 -24508
MAP 400058 400058 -24586
MAP 400130 400130 -24638
MAP 400132 400132 -24637
MAP 400156 400156 -24635
MAP 400178 400178 -24632
MAP 400190 400190 -24630
MAP 400221 400221 -24627
MAP 400278 400278 -24624
MAP 400300 400300 -24622
MAP 400311 400311 -24620
MAP 400322 400322 -24618
MAP 400342 400342 -24616
MAP 400364 400364 -24613
MAP 400368 400392 -24611
MAP 400403 400403 -24609
MAP 400413 400413 -24607
MAP 400423 400423 -24605
MAP 400442 400442 -24603
MAP 400453 400453 -24601
MAP 400464 400464 -24599
MAP 400473 400473 -24597
MAP 400485 400485 -24595
MAP 400494 400494 -24593
MAP 400503 400503 -24591
MAP 400517 400517 -24589
MAP 400526 400526 -24587
MAP 400539 400539 -24585
MAP 400552 400552 -24583
MAP 400571 400571 -24580
MAP 400593 400593 -24578
MAP 400600 400600 -24575
MAP 400638 400638 -24573
MAP 400658 400658 -24571
MAP 400700 400700 -24569
MAP 400733 400733 -24567
MAP 400755 400755 -24565
MAP 400767 400769 -24562
MAP 400789 400789 -24560
MAP 400803 400803 -24555
MAP 400885 400885 -24551
MAP 401019 401019 -24549
MAP 401118 401118 -24545
MAP 401327 401327 -24543
MAP 401333 401333 -24541
MAP 401379 401379 -24538
MAP 401736 401736 -24534
MAP 402334 402334 -24528
MAP 402361 402361 -24524
MAP 402401 402401 -24522
MAP 402491 402491 -24518
MAP 402552 402552 -24516
MAP 402708 402708 -24512
MAP 402752 402752 -24510
MAP 402811 402811 -24508
MAP 402814 402814 -24507
MAP 402904 402904 -24505
MAP 402956 402956 -24501
MAP 402976 402976 -24499
MAP 403020 403020 -24497
MAP 403419 403419 -24493
MAP 403743 403743 -24488
MAP 403787 403787 -24486
MAP 403888 403888 -24484
MAP 403935 403935 -24482
MAP 403976 403976 -24480
MAP 404038 404038 -24478
MAP 404082 404082 -24476
MAP 404116 404116 -24474
MAP 404145 404145 -24472
MAP 404175 404175 -24468
MAP 404224 404224 -24466
MAP 404252 404252 -24464
MAP 404329 404329 -24462
MAP 404384 404384 -24460
MAP 404399 404399 -24458
MAP 404503 404503 -24454
MAP 404541 404541 -24452
MAP 404570 404570 -24450
MAP 404601 404601 -24448
MAP 404639 404639 -24446
MAP 404658 404658 -24444
MAP 404712 404712 -24441
MAP 404740 404740 -24439
MAP 404794 404794 -24437
MAP 404798 404798 -24435
MAP 404808 404808 -24433
MAP 404850 404850 -24431
MAP 404914 404914 -24429
MAP 404969 404969 -24427
MAP 405009 405009 -24425
MAP 405048 405048 -24422
MAP 405098 405098 -24420
MAP 405133 405133 -24418
MAP 405182 405182 -24414
MAP 405219 405219 -24412
MAP 405245 405245 -24410
MAP 405283 405283 -24408
MAP 405324 405324 -24406
MAP 405364 405364 -24404
MAP 405391 405391 -24401
MAP 405447 405447 -24399
MAP 405859 405859 -24392
MAP 405874 405874 -24390
MAP 405913 405913 -24388
MAP 405922 405922 -24386
MAP 405931 405931 -24384
MAP 405939 405939 -24382
MAP 405952 405952 -24380
MAP 406013 406013 -24375
MAP 406040 406040 -24372
MAP 406056 406056 -24370
MAP 406062 406062 -24368
MAP 406070 406070 -24366
MAP 406083 406083 -24364
MAP 406087 406087 -24362
MAP 406097 406097 -24360
MAP 406129 406129 -24358
MAP 406141 406141 -24356
MAP 406174 406174 -24354
MAP 406186 406186 -24352
MAP 406190 406190 -24350
MAP 406212 406212 -24348
MAP 406323 406323 -24346
MAP 406337 406337 -24344
MAP 406565 406565 -24342
MAP 406592 406592 -24340
MAP 406608 406608 -24338
MAP 406668 406668 -24336
MAP 406716 406716 -24334
MAP 406739 406739 -24332
MAP 406774 406774 -24330
MAP 406816 406816 -24328
MAP 406844 406844 -24326
MAP 406879 406879 -24324
MAP 406920 406920 -24322
MAP 406953 406953 -24320
MAP 406974 406974 -24318
MAP 406982 406982 -24316
MAP 407030 407030 -24314
MAP 407066 407066 -24312
MAP 407076 407076 -24310
MAP 407107 407107 -24308
MAP 407143 407143 -24306
MAP 407185 407185 -24304
MAP 407231 407231 -24302
MAP 407331 407331 -24300
MAP 407487 407487 -24298
MAP 407521 407521 -24296
MAP 407548 407548 -24293
MAP 407578 407578 -24291
MAP 407673 407673 -24289
MAP 407856 407856 -24285
MAP 407885 407885 -24283
MAP 407917 407917 -24279
MAP 407941 407941 -24277
MAP 408211 408211 -24275
MAP 408226 408226 -24273
MAP 408549 408549 -24269
MAP 408674 408674 -24265
MAP 408706 408706 -24263
MAP 408954 408954 -24259
MAP 409213 409213 -24255
MAP 409256 409256 -24253
MAP 409386 409386 -24249
MAP 409422 409422 -24247
MAP 409437 409437 -24245
MAP 409468 409468 -24243
MAP 409524 409524 -24239
MAP 409561 409561 -24237
MAP 409597 409597 -24235
MAP 409630 409630 -24233
MAP 409679 409679 -24230
MAP 409723 409723 -24228
MAP 410283 410283 -24222
MAP 410289 410289 -24220
MAP 410337 410337 -24218
MAP 410390 410390 -24214
MAP 410445 410445 -24210
MAP 410478 410478 -24206
MAP 410490 410490 -24204
MAP 410589 410589 -24202
MAP 410750 410750 -24200
MAP 411061 411061 -24198
MAP 411221 411221 -24196
MAP 411269 411269 -24194
MAP 411300 411300 -24192
MAP 411355 411355 -24190
MAP 411380 411380 -24188
MAP 411395 411395 -24186
MAP 411432 411433 -24184
MAP 411757 411757 -24181
MAP 411791 411791 -24179
MAP 411810 411810 -24177
MAP 411943 411943 -24175
MAP 411961 411961 -24173
MAP 411963 411963 -24172
MAP 412009 412009 -24170
MAP 412022 412022 -24167
MAP 412221 412221 -24165
MAP 412265 412265 -24163
MAP 412327 412327 -24161
MAP 412373 412373 -24157
MAP 412410 412410 -24155
MAP 412416 412416 -24153
MAP 412474 412474 -24149
MAP 412516 412516 -24147
MAP 413423 413423 -24132
MAP 413465 413465 -24130
MAP 413496 413496 -24128
MAP 413539 413539 -24126
MAP 413585 413585 -24124
MAP 413725 413725 -24122
MAP 413853 413853 -24120
MAP 413884 413884 -24118
MAP 414061 414061 -24116
MAP 414084 414084 -24114
MAP 414330 414330 -24107
MAP 414419 414419 -24105
MAP 414735 414735 -24103
MAP 414739 414794 -24101
MAP 414848 414848 -24099
MAP 414892 414892 -24097
MAP 414926 414926 -24095
MAP 415009 415009 -24093
MAP 415138 415138 -24089
MAP 415172 415172 -24087
MAP 415199 415199 -24084
MAP 415254 415254 -24082
MAP 415327 415327 -24080
MAP 415376 415376 -24078
MAP 415388 415388 -24076
MAP 415476 415476 -24072
MAP 415587 415587 -24070
MAP 415710 415710 -24066
MAP 416058 416058 -24056
MAP 416063 416118 -24054
MAP 416134 416134 -24052
MAP 416137 416233 -24050
MAP 416274 416274 -24048
MAP 416311 416311 -24046
MAP 416322 416322 -24044
MAP 416346 416346 -24042
MAP 416354 416354 -24040
MAP 416398 416398 -24038
MAP 416431 416431 -24035
MAP 416466 416466 -24033
MAP 416605 416605 -24031
MAP 416621 416621 -24029
MAP 416649 416649 -24028
MAP 416688 416688 -24026
MAP 416724 416724 -24024
MAP 416746 416746 -24023
MAP 416774 416774 -24021
MAP 416814 416814 -24019
MAP 416848 416848 -24017
MAP 416915 416915 -24015
MAP 417095 417095 -24013
MAP 417118 417118 -24012
MAP 417125 417125 -24010
MAP 417137 417137 -24008
MAP 417158 417158 -24006
MAP 417225 417225 -24004
MAP 417260 417260 -24003
MAP 417301 417301 -24001
MAP 417327 417327 -24000
MAP 417356 417356 -23998
MAP 417390 417390 -23997
MAP 417399 417399 -23995
MAP 417405 417405 -23993
MAP 417413 417413 -23991
MAP 417444 417444 -23989
MAP 417472 417472 -23988
MAP 417504 417504 -23986
MAP 417517 417517 -23984
MAP 417556 417556 -23982
MAP 417706 417706 -23980
MAP 417746 417746 -23979
MAP 417774 417774 -23978
MAP 417811 417811 -23977
MAP 417841 417841 -23976
MAP 417875 417875 -23975
MAP 417906 417906 -23974
MAP 417971 417971 -23970
MAP 418007 418007 -23969
MAP 418035 418035 -23968
MAP 418063 418063 -23966
MAP 418096 418096 -23965
MAP 418123 418123 -23963
MAP 418147 418147 -23962
MAP 418367 418367 -23958
MAP 418440 418440 -23956
MAP 418511 418511 -23954
MAP 418541 418541 -23952
MAP 418602 418602 -23949
MAP 418632 418632 -23948
MAP 418691 418691 -23947
MAP 418702 418702 -23945
MAP 418893 418893 -23942
MAP 419248 419248 -23940
MAP 419734 419734 -23938
MAP 419813 419813 -23936
MAP 419838 419838 -23934
MAP 419887 419887 -23932
MAP 419897 419897 -23930
MAP 419920 419920 -23928
MAP 419984 419984 -23926
MAP 420016 420016 -23924
MAP 420071 420071 -23920
MAP 420230 420230 -23917
MAP 420619 420619 -23915
MAP 420655 420655 -23913
MAP 420667 420667 -23911
MAP 420689 420689 -23910
MAP 420717 420717 -23908
MAP 420760 420760 -23907
MAP 420789 420789 -23906
MAP 420819 420819 -23905
MAP 420846 420846 -23903
MAP 420884 420884 -23901
MAP 420920 420920 -23900
MAP 420949 420949 -23899
MAP 420997 420997 -23897
MAP 421022 421022 -23896
MAP 421045 421045 -23894
MAP 421073 421073 -23892
MAP 421100 421100 -23890
MAP 421126 421126 -23887
MAP 421159 421159 -23885
MAP 421273 421273 -23881
MAP 421288 421288 -23879
MAP 421303 421303 -23877
MAP 421345 421345 -23875
MAP 421378 421378 -23873
MAP 421412 421412 -23871
MAP 421440 421440 -23869
MAP 421495 421495 -23867
MAP 421756 421756 -23863
MAP 421781 421781 -23861
MAP 421807 421807 -23859
MAP 421830 421830 -23857
MAP 421857 421857 -23856
MAP 421885 421885 -23855
MAP 421907 421907 -23854
MAP 421929 421929 -23853
MAP 421960 421960 -23851
MAP 422004 422004 -23850
MAP 422026 422026 -23848
MAP 422053 422053 -23846
MAP 422079 422079 -23844
MAP 422101 422101 -23843
MAP 422122 422122 -23841
MAP 422141 422141 -23840
MAP 422384 422384 -23838
MAP 422407 422407 -23836
MAP 422425 422425 -23834
MAP 422446 422446 -23832
MAP 422466 422466 -23829
MAP 422667 422667 -23827
MAP 422694 422694 -23825
MAP 422719 422719 -23823
MAP 422745 422745 -23821
MAP 422773 422773 -23819
MAP 422797 422797 -23818
MAP 422805 422805 -23816
MAP 422832 422832 -23814
MAP 423115 423115 -23812
MAP 423338 423338 -23810
MAP 423391 423391 -23808
MAP 423456 423456 -23806
MAP 423492 423492 -23804
MAP 423536 423536 -23802
MAP 423569 423569 -23800
MAP 423614 423614 -23798
MAP 423675 423675 -23796
MAP 423707 423707 -23794
MAP 423744 423744 -23792
MAP 423781 423781 -23790
MAP 423810 423810 -23788
MAP 423852 423852 -23786
MAP 423883 423883 -23784
MAP 423931 423931 -23782
MAP 423961 423961 -23780
MAP 424009 424009 -23778
MAP 424052 424052 -23777
MAP 424077 424077 -23775
MAP 424111 424111 -23773
MAP 424534 424534 -23771
MAP 424570 424570 -23769
MAP 424601 424601 -23767
MAP 424642 424642 -23765
MAP 424672 424672 -23763
MAP 424714 424714 -23761
MAP 424765 424765 -23759
MAP 424803 424803 -23757
MAP 424843 424843 -23756
MAP 424883 424883 -23754
MAP 424923 424923 -23752
MAP 424950 424950 -23750
MAP 424993 424993 -23748
MAP 425019 425019 -23745
MAP 425056 425056 -23743
MAP 425081 425081 -23741
MAP 425113 425113 -23739
MAP 425142 425142 -23737
MAP 425165 425165 -23735
MAP 425189 425189 -23733
MAP 425228 425228 -23731
MAP 425260 425260 -23729
MAP 425286 425286 -23727
MAP 425319 425319 -23725
MAP 425346 425346 -23723
MAP 425380 425380 -23721
MAP 425421 425421 -23719
MAP 425453 425453 -23717
MAP 425493 425493 -23715
MAP 425548 425548 -23713
MAP 425583 425583 -23711
MAP 425618 425618 -23709
MAP 425639 425639 -23707
MAP 425670 425670 -23705
MAP 425696 425696 -23703
MAP 425728 425728 -23701
MAP 425762 425762 -23699
MAP 425789 425789 -23697
MAP 425824 425824 -23696
MAP 425870 425870 -23694
MAP 425918 425918 -23693
MAP 425965 425965 -23691
MAP 426050 426050 -23689
MAP 426124 426124 -23687
MAP 426146 426146 -23685
MAP 426173 426173 -23683
MAP 426192 426192 -23681
MAP 426218 426218 -23679
MAP 426320 426320 -23677
MAP 426364 426364 -23675
MAP 426416 426416 -23673
MAP 426441 426441 -23671
MAP 426493 426493 -23669
MAP 426520 426520 -23667
MAP 426558 426558 -23665
MAP 426609 426609 -23662
MAP 426701 426701 -23660
MAP 426724 426724 -23658
MAP 426787 426787 -23656
MAP 426813 426813 -23654
MAP 426887 426887 -23652
MAP 426930 426930 -23650
MAP 426999 426999 -23648
MAP 427045 427045 -23646
MAP 427090 427090 -23644
MAP 427150 427150 -23643
MAP 427199 427199 -23641
MAP 427235 427235 -23639
MAP 427273 427273 -23637
MAP 427312 427312 -23635
MAP 427339 427339 -23633
MAP 427399 427399 -23631
MAP 427448 427448 -23629
MAP 427501 427501 -23627
MAP 427503 427503 -23626
MAP 427580 427580 -23624
MAP 427612 427612 -23623
MAP 427707 427707 -23622
MAP 427790 427790 -23621
MAP 427849 427849 -23620
MAP 427891 427891 -23619
MAP 427953 427953 -23617
MAP 428010 428010 -23615
MAP 428063 428063 -23613
MAP 428098 428098 -23611
MAP 428145 428145 -23609
MAP 428190 428190 -23607
MAP 428245 428245 -23605
MAP 428279 428279 -23603
MAP 428320 428320 -23601
MAP 428340 428340 -23599
MAP 428390 428390 -23598
MAP 428445 428445 -23596
MAP 428490 428490 -23594
MAP 428519 428519 -23592
MAP 428561 428561 -23590
MAP 428623 428623 -23588
MAP 428656 428656 -23586
MAP 428706 428706 -23584
MAP 428742 428742 -23581
MAP 428786 428786 -23579
MAP 428830 428830 -23554
MAP 428961 428961 -23552
MAP 429012 429012 -23550
MAP 429055 429055 -23546
MAP 429232 429232 -23542
MAP 429653 429653 -23536
MAP 429972 429972 -23526
MAP 429998 429998 -23524
MAP 430103 430103 -23519
MAP 430112 430112 -23518
MAP 430158 430158 -23514
MAP 430193 430193 -23512
MAP 430223 430223 -23510
MAP 430250 430250 -23507
MAP 430276 430276 -23504
MAP 430288 430288 -23503
MAP 430310 430310 -23501
MAP 430331 430331 -23499
MAP 430415 430415 -23497
MAP 430441 430441 -23495
MAP 430472 430472 -23493
MAP 430725 430725 -23489
MAP 430749 430749 -23487
MAP 430842 430843 -23485
MAP 431038 431038 -23481
MAP 431072 431072 -23479
MAP 431111 431111 -23477
MAP 431141 431141 -23475
MAP 431174 431174 -23473
MAP 431338 431338 -23469
MAP 431482 431482 -23467
MAP 431708 431708 -23466
MAP 431885 431886 -23460
MAP 432005 432005 -23457
MAP 432145 432145 -23454
MAP 432204 432204 -23450
MAP 432310 432310 -23446
MAP 432402 432402 -23443
MAP 432532 432532 -23440
MAP 432613 432613 -23437
MAP 432641 432641 -23435
MAP 432671 432671 -23434
MAP 432702 432702 -23433
MAP 432839 432839 -23429
MAP 432861 432861 -23427
MAP 432988 432988 -23423
MAP 433163 433163 -23420
MAP 433322 433322 -23417
MAP 433497 433497 -23413
MAP 433514 433514 -23411
MAP 433526 433526 -23409
MAP 433642 433642 -23406
MAP 433659 433659 -23405
MAP 433670 433670 -23403
MAP 433687 433687 -23401
MAP 434492 434492 -23397
MAP 434515 434515 -23394
MAP 434541 434541 -23392
MAP 434564 434564 -23390
MAP 434588 434588 -23388
MAP 434621 434621 -23386
MAP 434648 434648 -23384
MAP 434683 434683 -23383
MAP 434718 434718 -23381
MAP 434756 434756 -23380
MAP 434787 434787 -23378
MAP 434818 434818 -23376
MAP 434876 434876 -23374
MAP 435224 435224 -23370
MAP 435255 435255 -23369
MAP 435293 435293 -23367
MAP 435306 435306 -23365
MAP 435330 435330 -23364
MAP 435501 435501 -23359
MAP 435887 435887 -23357
MAP 436164 436164 -23354
MAP 437960 437960 -23336
MAP 437983 437983 -23334
MAP 437997 437997 -23333
MAP 438029 438029 -23331
MAP 438059 438059 -23329
MAP 438088 438088 -23325
MAP 438133 438133 -23323
MAP 438334 438334 -23319
MAP 438424 438424 -23315
MAP 438456 438456 -23313
MAP 438636 438636 -23309
MAP 438962 438962 -23305
MAP 439384 439384 -23301
MAP 439405 439405 -23299
MAP 439918 439918 -23295
MAP 440549 440549 -23291
MAP 440744 440744 -23287
MAP 440767 440767 -23285
MAP 440798 440798 -23283
MAP 440822 440822 -23281
MAP 440843 440843 -23279
MAP 440869 440869 -23276
MAP 440889 440889 -23274
MAP 440916 440916 -23272
MAP 440945 440945 -23270
MAP 440961 440961 -23268
MAP 440979 440979 -23266
MAP 441002 441002 -23264
MAP 441528 441528 -23257
MAP 442088 442088 -23251
MAP 442349 442349 -23247
MAP 442440 442440 -23245
MAP 442485 442485 -23244
MAP 443323 443323 -23234
MAP 443347 443347 -23232
MAP 443364 443364 -23230
MAP 443385 443385 -23228
MAP 443406 443406 -23226
MAP 443436 443436 -23224
MAP 443456 443456 -23222
MAP 443490 443490 -23220
MAP 443501 443501 -23218
MAP 443538 443538 -23216
MAP 443564 443564 -23214
MAP 443600 443600 -23212
MAP 443625 443625 -23210
MAP 443645 443645 -23208
MAP 443672 443672 -23206
MAP 443764 443764 -23203
MAP 443785 443785 -23201
MAP 443875 443875 -23197
MAP 443901 443901 -23195
MAP 443924 443924 -23193
MAP 443954 443954 -23191
MAP 443992 443992 -23189
MAP 444015 444015 -23187
MAP 444228 444228 -23183
MAP 444513 444513 -23179
MAP 444669 444669 -23174
MAP 444795 444795 -23170
MAP 445065 445065 -23166
MAP 445087 445087 -23164
MAP 445119 445119 -23162
MAP 445147 445147 -23160
MAP 446135 446135 -23154
MAP 446173 446173 -23152
MAP 446188 446188 -23150
MAP 446223 446223 -23148
MAP 446248 446248 -23146
MAP 446262 446262 -23144
MAP 446312 446312 -23142
MAP 446356 446356 -23140
MAP 446379 446379 -23138
MAP 446419 446419 -23136
MAP 446446 446446 -23134
MAP 446478 446478 -23132
MAP 446588 446588 -23130
MAP 446889 446889 -23126
MAP 446910 446910 -23124
MAP 447293 447293 -23120
MAP 447865 447865 -23110
MAP 447892 447892 -23108
MAP 447938 447938 -23106
MAP 447974 447974 -23104
MAP 448016 448016 -23102
MAP 448047 448047 -23100
MAP 448089 448089 -23098
MAP 448124 448124 -23096
MAP 448187 448187 -23093
MAP 448239 448239 -23091
MAP 448423 448423 -23087
MAP 448456 448456 -23085
MAP 448494 448494 -23083
MAP 448542 448542 -23081
MAP 448586 448586 -23079
MAP 448639 448639 -23077
MAP 448666 448666 -23075
MAP 448709 448709 -23073
MAP 448757 448757 -23071
MAP 448803 448803 -23069
MAP 448835 448835 -23067
MAP 448855 448855 -23065
MAP 448879 448879 -23063
MAP 448909 448909 -23061
MAP 448941 448941 -23059
MAP 449009 449009 -23055
MAP 449040 449040 -23053
MAP 449330 449330 -23044
MAP 449487 449487 -23040
MAP 449761 449761 -23036
MAP 449811 449811 -23034
MAP 449843 449843 -23032
MAP 449900 449900 -23028
MAP 449937 449937 -23026
MAP 449977 449977 -23024
MAP 450026 450026 -23022
MAP 450074 450074 -23021
MAP 450129 450129 -23020
MAP 450175 450175 -23018
MAP 450216 450216 -23016
MAP 450256 450256 -23014
MAP 450279 450279 -23012
MAP 450306 450306 -23010
MAP 450508 450508 -23007
MAP 450666 450666 -23003
MAP 451088 451088 -23000
MAP 451112 451112 -22998
MAP 451519 451519 -22994
MAP 451911 451911 -22990
MAP 452136 452136 -22987
MAP 452541 452541 -22983
MAP 452718 452718 -22979
MAP 452964 452964 -22973
MAP 453186 453186 -22967
MAP 453329 453329 -22963
MAP 453475 453475 -22959
MAP 453502 453502 -22957
MAP 453526 453526 -22955
MAP 453759 453759 -22951
MAP 453976 453976 -22947
MAP 454129 454129 -22943
MAP 454264 454264 -22939
MAP 454367 454367 -22935
MAP 454507 454507 -22931
MAP 454678 454678 -22927
MAP 454706 454706 -22925
MAP 454733 454733 -22923
MAP 454766 454766 -22921
MAP 454788 454788 -22919
MAP 454822 454822 -22917
MAP 454850 454850 -22915
MAP 454882 454882 -22913
MAP 454964 454964 -22909
MAP 455052 455052 -22905
MAP 455205 455205 -22902
MAP 455238 455238 -22899
MAP 455264 455264 -22890
MAP 455461 455461 -22871
MAP 455490 455490 -22865
MAP 455697 455697 -22850
MAP 455806 455806 -22841
MAP 455861 455861 -22828
MAP 456008 456008 -22809
MAP 456120 456120 -22768
MAP 456143 456143 -22760
MAP 456213 456213 -22733
MAP 456359 456359 -22706
MAP 457429 457429 -22223
MAP 458721 458721 -21183
MAP 458901 458901 -21172
MAP 459216 459216 -21161
MAP 459494 459494 -21145
MAP 459864 459864 -21136
MAP 459891 459891 -21130
MAP 460015 460015 -21115
MAP 460048 460070 -21107
MAP 460104 460104 -21104
MAP 460187 460187 -21092
MAP 460232 460232 -21077
MAP 460285 460285 -21071
MAP 460573 460573 -21042
MAP 460858 460858 -21022
MAP 460965 460965 -20937
MAP 461286 461286 -20982
MAP 461398 461398 -20968
MAP 461590 461646 -20952
MAP 462060 462060 -20937
MAP 462207 462207 -20920
MAP 462239 462239 -20903
MAP 462437 462437 -20895
MAP 462463 462463 -20890
MAP 463034 463034 -20878
MAP 463319 463319 -20865
MAP 463834 463834 -20857
MAP 464000 464000 -20843
MAP 464472 464472 -20830
MAP 464515 464515 -20748
MAP 465040 465040 -20738
MAP 465514 465514 -20729
MAP 466288 466288 -20725
MAP 466810 466865 -20712
MAP 467098 467098 -20697
MAP 467470 467470 -20688
MAP 467739 467739 -20670
MAP 467797 467797 -20675
MAP 468170 468170 -20622
MAP 468209 468209 -20509
MAP 468473 468473 -20608
MAP 468636 468636 -20602
MAP 468695 468695 -20608
MAP 468855 468855 -20590
MAP 469159 469159 -20558
MAP 469319 469319 -20549
MAP 469413 469413 -20526
MAP 469508 469524 -20486
MAP 469675 469675 -20479
MAP 469824 469824 -20441
MAP 469935 469935 -20439
MAP 470076 470076 -20401
MAP 470346 470346 -20387
MAP 470396 470396 -20391
MAP 470598 470598 -20373
MAP 470688 470688 -20355
MAP 470839 470839 -20284
MAP 470995 470995 -20265
MAP 471037 471037 -20199
MAP 471558 471558 -20245
MAP 471686 471686 -20086
MAP 472333 472333 -20250
MAP 472807 472807 -20192
MAP 472910 472910 -20159
MAP 473121 473121 -20120
MAP 473237 473237 -20088
MAP 473428 473428 -20061
MAP 473458 473458 -20052
MAP 473783 473783 -19985
MAP 473822 473822 -19961
MAP 473844 473844 -19956
MAP 474003 474003 -19951
MAP 474073 474073 -19944
MAP 474096 474096 -19938
MAP 475523 475523 -19879
MAP 475579 475579 -19859
MAP 475686 475686 -19842
MAP 475837 475837 -19824
MAP 475948 475948 -19814
MAP 476731 476731 -19855
MAP 477005 477005 -19599
MAP 477873 477873 -19662
MAP 478343 478343 -19511
MAP 478467 478467 -19480
MAP 478485 478485 -19046
MAP 478933 478933 -19417
MAP 479528 479528 -19259
MAP 479689 479689 -19210
MAP 480653 480653 -19198
MAP 480904 480904 -19068
MAP 480962 480962 -19082
MAP 481029 481029 -19074
MAP 481346 481346 -19101
MAP 481595 481595 -18925
MAP 481701 481701 -18896
MAP 481833 481833 -18878
MAP 482183 482183 -18832
MAP 482285 482285 -18834
MAP 482340 482340 -18823
MAP 482427 482427 -18739
MAP 482453 482453 -18731
MAP 482478 482478 -18719
MAP 482628 482628 -18716
MAP 482800 482800 -18307
MAP 483034 483034 -17722
MAP 483056 483056 -17310
MAP 483062 483062 -17086
MAP 483117 483117 -17103
MAP 483248 483248 -17186
MAP 483290 483290 -17196
MAP 483328 483328 -17193
MAP 483382 483382 -17199
MAP 483428 483428 -17049
MAP 483503 483503 -17091
MAP 483528 483528 -17083
MAP 483562 483562 -17074
MAP 483590 483590 -17072
MAP 483620 483620 -17066
MAP 483657 483657 -17060
MAP 483690 483690 -17056
MAP 483828 483828 -17111
MAP 483871 483871 -17106
MAP 483893 483893 -17102
MAP 483910 483910 -17095
MAP 483937 483937 -17093
MAP 483965 483965 -17025
MAP 483985 483985 -17014
MAP 484114 484152 -16999
MAP 484210 484210 -17003
MAP 484259 484259 -16999
MAP 484299 484299 -16993
MAP 484308 484308 -16989
MAP 484344 484344 -16984
MAP 484376 484376 -16974
MAP 484407 484407 -16970
MAP 484452 484452 -16966
MAP 484480 484480 -16957
MAP 484501 484501 -16951
MAP 484528 484528 -16948
MAP 484556 484556 -16935
MAP 484585 484585 -16930
MAP 484617 484617 -16929
MAP 484640 484640 -16926
MAP 484664 484664 -16921
MAP 484691 484691 -16917
MAP 484725 484725 -16913
MAP 484753 484753 -16907
MAP 484784 484784 -16894
MAP 484814 484814 -16887
MAP 484843 484843 -16883
MAP 484873 484873 -16882
MAP 484901 484901 -16876
MAP 484942 484942 -16872
MAP 484983 484983 -16867
MAP 485029 485029 -16859
MAP 485052 485052 -16853
MAP 485071 485071 -16849
MAP 485105 485105 -16846
MAP 485133 485133 -16835
MAP 485166 485166 -16825
MAP 485202 485202 -16820
MAP 485232 485232 -16812
MAP 485270 485270 -16802
MAP 485299 485299 -16796
MAP 485346 485346 -16789
MAP 485383 485383 -16780
MAP 485412 485412 -16770
MAP 485447 485447 -16765
MAP 485483 485483 -16762
MAP 485520 485520 -16753
MAP 485545 485545 -16744
MAP 485580 485580 -16736
MAP 485612 485612 -16727
MAP 485654 485654 -16717
MAP 485694 485694 -16707
MAP 485731 485731 -16699
MAP 485775 485775 -16692
MAP 485808 485808 -16683
MAP 485851 485851 -16681
MAP 485886 485886 -16677
MAP 485924 485924 -16669
MAP 485952 485952 -16662
MAP 485994 485994 -16656
MAP 486031 486031 -16648
MAP 486062 486062 -16645
MAP 486094 486094 -16635
MAP 486123 486123 -16623
MAP 486161 486161 -16617
MAP 486201 486201 -16609
MAP 486232 486232 -16601
MAP 486270 486270 -16596
MAP 486306 486306 -16581
MAP 486344 486344 -16572
MAP 486378 486378 -16565
MAP 486412 486412 -16555
MAP 486443 486443 -16545
MAP 486482 486482 -16535
MAP 486524 486524 -16525
MAP 486549 486549 -16519
MAP 486585 486585 -16511
MAP 486615 486615 -16504
MAP 486652 486652 -16495
MAP 486684 486684 -16484
MAP 486717 486717 -16477
MAP 486767 486767 -16472
MAP 486809 486809 -16465
MAP 486847 486847 -16457
MAP 486880 486880 -16452
MAP 486908 486908 -16447
MAP 486935 486935 -16438
MAP 486986 486986 -16433
MAP 487023 487023 -16427
MAP 487057 487057 -16417
MAP 487091 487091 -16412
MAP 487119 487119 -16405
MAP 487173 487173 -16400
MAP 487205 487205 -16387
MAP 487237 487237 -16379
MAP 487279 487279 -16370
MAP 487310 487310 -16362
MAP 487343 487343 -16354
MAP 487373 487373 -16352
MAP 487404 487404 -15967
MAP 487432 487432 -15957
MAP 487461 487461 -15949
MAP 487488 487488 -15941
MAP 487527 487527 -15937
MAP 487554 487554 -15931
MAP 487580 487580 -15921
MAP 487608 487608 -15905
MAP 487643 487643 -15896
MAP 487667 487667 -15889
MAP 487690 487690 -15884
MAP 487711 487711 -15876
MAP 487745 487745 -15872
MAP 487777 487777 -15865
MAP 487799 487799 -15854
MAP 487826 487826 -15850
MAP 487848 487848 -15840
MAP 487878 487878 -15834
MAP 487906 487906 -15821
MAP 487945 487945 -15795
MAP 487995 487995 -15778
MAP 488587 488587 -15654
MAP 488887 488887 -15612
MAP 488922 488922 -15599
MAP 488942 488942 -15593
MAP 488985 488985 -15575
MAP 489344 489344 -15488
MAP 489488 489488 -15459
MAP 489529 489529 -15442
MAP 489573 489573 -15431
MAP 489609 489609 -15420
MAP 489917 489917 -15300
MAP 490009 490009 -15268
MAP 490312 490312 -15125
MAP 490370 490370 -15118
MAP 490394 490394 -15103
MAP 490435 490435 -15087
MAP 490446 490446 -15082
MAP 490457 490457 -15078
MAP 490505 490505 -15034
MAP 490586 490586 -15040
MAP 490690 490690 -15041
MAP 491000 491000 -15006
MAP 491061 491061 -14993
MAP 491741 491741 -14957
MAP 491864 491864 -14925
MAP 491955 491955 -14909
MAP 491995 491995 -14897
MAP 492174 492174 -14805
MAP 492208 492208 -14795
MAP 492247 492247 -14793
MAP 492460 492460 -14775
MAP 492500 492500 -14765
MAP 492652 492652 -14752
MAP 492692 492692 -14738
MAP 492726 492726 -14721
MAP 493892 493892 -14670
MAP 494050 494050 -14577
MAP 494131 494131 -14516
MAP 494166 494166 -14499
MAP 494183 494183 -14489
MAP 494836 494836 -14469
MAP 494863 494863 -14466
MAP 494888 494888 -14449
MAP 495135 495135 -14444
MAP 495160 495160 -14440
MAP 495426 495426 -14431
MAP 496169 496169 -14413
MAP 496380 496380 -14396
MAP 496612 496612 -14384
MAP 496900 496900 -14369
MAP 496980 496980 -14353
MAP 497005 497005 -14346
MAP 497150 497150 -14338
MAP 497243 497243 -14324
MAP 497279 497279 -14304
MAP 497339 497339 -14234
MAP 497436 497436 -14230
MAP 497657 497657 -14178
MAP 498002 498002 -14160
MAP 498038 498038 -14150
MAP 498056 498056 -14143
MAP 498108 498108 -14112
MAP 498117 498118 -14111
MAP 498141 498142 -14107
MAP 498174 498174 -14094
MAP 498350 498350 -14086
MAP 498385 498385 -14082
MAP 498470 498470 -14065
MAP 498557 498558 -14060
MAP 498579 498579 -14052
MAP 498607 498607 -14043
MAP 501616 501616 -13776
MAP 502321 502321 -13746
MAP 502772 502772 -13723
MAP 503248 503248 -13705
MAP 503822 503822 -13677
MAP 503864 503864 -13675
MAP 503893 503893 -13630
MAP 504353 504353 -13577
MAP 505109 505109 -13463
MAP 505661 505661 -12479
MAP 506007 506007 -11675
MAP 506244 506244 -11656
MAP 506444 506444 -11635
MAP 506463 506463 -11332
MAP 507276 507276 -11566
MAP 508083 508083 -11447
MAP 508266 508266 -11480
MAP 508589 508589 -11375
MAP 508612 508612 -11368
MAP 508680 508680 -11359
MAP 508832 508832 -11343
MAP 508979 508979 -11315
MAP 509198 509198 -11239
MAP 509516 509516 -11211
MAP 509697 509697 -11190
MAP 509731 509731 -11064
MAP 510006 510006 -11150
MAP 510295 510295 -11108
MAP 510691 510691 -11056
MAP 510742 510742 -11039
MAP 510855 510855 -11022
MAP 511124 511124 -10986
MAP 511495 511495 -10942
MAP 511726 511726 -10915
MAP 511736 511736 -10810
MAP 511844 511844 -10884
MAP 511948 511949 -10875
MAP 511976 511976 -10863
MAP 511996 511996 -10859
MAP 512901 512901 -10766
MAP 512919 512919 -10757
MAP 513105 513105 -10743
MAP 513341 513341 -10729
MAP 513486 513486 -10721
MAP 513600 513600 -10710
MAP 513713 513713 -10700
MAP 514032 514032 -10677
MAP 514054 514054 -10668
MAP 514108 514108 -10572
MAP 514300 514300 -10549
MAP 514522 514522 -10532
MAP 514579 514579 -10523
MAP 514809 514809 -10488
MAP 514923 514923 -10450
MAP 514955 514955 -10442
MAP 515283 515283 -10415
MAP 515556 515556 -10385
MAP 515587 515587 -10378
MAP 515676 515676 -10361
MAP 515735 515735 -10347
MAP 515936 515936 -10265
MAP 515953 515953 -10256
MAP 516233 516233 -10219
MAP 516262 516262 -10211
MAP 517221 517221 -9949
MAP 517365 517365 -9927
MAP 517387 517387 -9860
MAP 517467 517467 -9719
MAP 517483 517483 -9713
MAP 517537 517537 -9698
MAP 517581 517581 -9684
MAP 517597 517597 -9666
MAP 517674 517674 -9654
MAP 517694 517694 -9646
MAP 517714 517714 -9640
MAP 517776 517776 -9626
MAP 517798 517798 -9617
MAP 517816 517816 -9607
MAP 518021 518021 -9594
MAP 518181 518181 -9544
MAP 518215 518215 -9534
MAP 518425 518425 -9521
MAP 518470 518470 -9513
MAP 518500 518500 -9503
MAP 519315 519315 -9180
MAP 519342 519342 -9159
MAP 519508 519508 -9136
MAP 519976 519976 -9074
MAP 520515 520515 -9018
MAP 521040 521040 -8984
MAP 521618 521618 -8924
MAP 521703 521703 -8913
MAP 522075 522075 -8505
MAP 522340 522340 -8494
MAP 522433 522433 -8456
MAP 522564 522564 -8420
MAP 523020 523020 -8384
MAP 523150 523150 -8358
MAP 523361 523361 -8345
MAP 523610 523610 -8352
MAP 523813 523813 -8333
MAP 524333 524333 -8313
MAP 524358 524358 -8305
MAP 524392 524392 -8294
MAP 524618 524618 -8281
MAP 524736 524736 -8273
MAP 524928 524928 -8246
MAP 524976 524976 -8236
MAP 525018 525018 -8231
MAP 525247 525247 -8212
MAP 525275 525275 -8204
MAP 525700 525700 -8072
MAP 526168 526168 -8040
MAP 526632 526632 -8011
MAP 527560 527560 -7813
MAP 527806 527806 -7804
MAP 528598 528598 -7760
MAP 528830 528830 -7741
MAP 529290 529290 -7722
MAP 529395 529395 -7710
MAP 529468 529468 -7698
MAP 529487 529487 -7691
MAP 529524 529524 -7680
MAP 529651 529651 -7666
MAP 529674 529674 -7654
MAP 529708 529708 -7641
MAP 529899 529899 -7621
MAP 530086 530086 -7596
MAP 530330 530330 -7581
MAP 531499 531499 -7443
MAP 531542 531542 -7439
MAP 532056 532056 -7271
MAP 532374 532374 -7249
MAP 532397 532397 -7113
MAP 532398 532929 -7112
MAP 533030 535992 -7111
MAP 536200 537324 -7110
MAP 537364 537406 -7109
MAP 537431 537432 -7108
MAP 537475 537476 -7107
MAP 537514 537515 -7106
MAP 537551 537552 -7105
MAP 537586 537658 -7104
MAP 537680 537880 -7102
MAP 537906 537939 -7101
MAP 537960 538041 -7100
MAP 538076 538111 -7099
MAP 538142 538143 -7098
MAP 538184 538585 -7097
MAP 538611 538643 -7096
MAP 538668 538692 -7095
MAP 538717 538893 -7093
MAP 538914 538937 -7092
MAP 538959 538987 -7091
MAP 539014 539015 -7090
MAP 539046 539279 -7089
MAP 539310 539383 -7088
MAP 539405 539878 -7087
MAP 539907 540050 -7086
MAP 540084 540577 -7085
MAP 540608 540902 -7084
MAP 540937 541764 -7083
MAP 541797 542141 -7082
MAP 542165 542324 -7081
MAP 542353 542623 -7080
MAP 542643 542658 -7079
MAP 542687 543517 -7078
MAP 543540 543541 -7077
MAP 543561 543562 -7076
MAP 543599 543629 -7075
MAP 543659 543676 -7074
MAP 543697 543698 -7073
MAP 543723 543899 -7072
MAP 543934 544328 -7071
MAP 544373 544587 -7070
MAP 544613 544912 -7069
MAP 544943 545112 -7068
MAP 545135 545248 -7067
MAP 545281 545965 -7066
MAP 545986 545987 -7065
MAP 546119 546120 -7064
MAP 546139 546337 -7063
MAP 546361 547046 -7062
MAP 547083 547084 -7061
MAP 547273 547274 -7060
MAP 547337 547337 -7059
MAP 547411 547438 -7058
MAP 547493 548260 -7059
MAP 548324 548451 -7058
MAP 548503 548611 -7057
MAP 548697 548997 -7056
MAP 549024 549667 -7055
MAP 549684 549825 -7054
MAP 549847 549917 -7053
MAP 549937 550216 -7052
MAP 550236 550237 -7051
MAP 550258 550259 -7050
MAP 550278 550279 -7049
MAP 550300 550372 -7048
MAP 550501 550502 -7047
MAP 550533 550557 -7046
MAP 550575 550787 -7045
MAP 550806 550807 -7044
MAP 550900 550901 -7043
MAP 550925 551343 -7042
MAP 551365 551366 -7041
MAP 551386 551453 -7040
MAP 551466 551529 -7039
MAP 551553 551590 -7038
MAP 551615 551764 -7037
MAP 551790 551980 -7036
MAP 551999 552000 -7034
MAP 552026 552027 -7033
MAP 552046 552171 -7032
MAP 552195 552196 -7031
MAP 552323 552324 -7030
MAP 552342 552343 -7029
MAP 552479 552717 -7028
MAP 552807 552808 -7027
MAP 552833 553194 -7026
MAP 553256 553257 -7025
MAP 553287 553416 -7024
MAP 553647 554249 -7023
MAP 554278 554279 -7022
MAP 554592 554593 -7021
MAP 554619 554620 -7020
MAP 554769 554795 -7019
MAP 555105 555106 -7017
MAP 555136 555137 -7016
MAP 555421 555422 -7015
MAP 555455 555675 -7014
MAP 555796 556372 -7011
MAP 556406 557950 -7010
MAP 557981 558070 -7009
MAP 558192 558193 -7007
MAP 558216 558781 -7006
MAP 558882 558883 -7004
MAP 558915 560297 -7003
MAP 560412 560413 -7001
MAP 560449 561194 -7000
MAP 561229 561230 -6999
MAP 561301 561411 -6998
MAP 561440 561723 -6997
MAP 561743 561744 -6996
MAP 561863 562457 -6995
MAP 562477 563215 -6994
MAP 563241 563923 -6993
MAP 563943 564772 -6992
MAP 564795 564850 -6991
MAP 564959 565595 -6990
MAP 565625 566182 -6989
MAP 566222 566464 -6988
MAP 566731 566732 -6987
MAP 566803 567457 -6986
MAP 567500 568529 -6966
MAP 568557 569005 -6965
MAP 569452 569866 -6964
MAP 569889 570686 -6963
MAP 570717 571288 -6962
MAP 571338 572053 -6960
MAP 572073 572312 -6959
MAP 572341 573790 -6958
MAP 573894 574723 -6913
MAP 574747 575607 -6912
MAP 575635 576128 -6911
MAP 576152 578542 -6910
MAP 578762 579768 -6909
MAP 579839 579940 -6908
MAP 580000 580251 -6907
MAP 580335 580579 -6906
MAP 580593 581469 -6905
MAP 581490 581491 -6904
MAP 581511 582539 -6903
MAP 582666 582667 -6902
MAP 582969 583165 -6901
MAP 583200 587986 -6900
MAP 588118 588608 -6899
MAP 588691 589697 -6898
MAP 590021 590022 -6896
MAP 590056 590584 -6895
MAP 590739 590740 -6893
MAP 590765 590836 -6892
MAP 590864 591054 -6891
MAP 591084 591085 -6890
MAP 591116 591117 -6889
MAP 591150 591239 -6888
MAP 591262 591263 -6887
MAP 591301 591302 -6886
MAP 591334 591335 -6885
MAP 591364 591365 -6884
MAP 591387 591388 -6883
MAP 591414 591415 -6882
MAP 591441 591442 -6880
MAP 591470 591512 -6879
MAP 591539 591540 -6878
MAP 591568 591569 -6877
MAP 591598 591599 -6875
MAP 591752 591753 -6873
MAP 591781 591782 -6872
MAP 591799 591800 -6871
MAP 591823 591823 -6870
MAP 591848 591849 -6869
MAP 591883 591884 -6867
MAP 591922 592002 -6866
MAP 592030 592131 -6865
MAP 592158 592159 -6863
MAP 592202 592203 -6861
MAP 592233 592234 -6859
MAP 592267 592983 -6857
MAP 593009 593010 -6856
MAP 593040 593141 -6855
MAP 593169 593170 -6854
MAP 593197 593287 -6853
MAP 593588 593890 -6852
MAP 593916 594136 -6851
MAP 594159 594266 -6850
MAP 594291 594592 -6849
MAP 594622 595026 -6848
MAP 595067 595068 -6847
MAP 595099 595100 -6846
MAP 595127 595128 -6845
MAP 595155 595175 -6844
MAP 595197 595236 -6843
MAP 595258 595259 -6842
MAP 595285 595407 -6841
MAP 595438 595801 -6840
MAP 595831 595839 -6839
MAP 595866 595961 -6838
MAP 595983 595984 -6837
MAP 596007 596064 -6836
MAP 596096 596097 -6835
MAP 596125 596177 -6834
MAP 596203 596229 -6833
MAP 596256 596257 -6832
MAP 596286 596490 -6831
MAP 596517 596518 -6830
MAP 596537 596538 -6829
MAP 596566 596567 -6828
MAP 596589 596590 -6827
MAP 596614 599022 -6825
MAP 599501 601317 -6824
MAP 601332 601871 -6823
MAP 601872 606760 -6822
MAP 607013 611349 -6821
MAP 611423 611424 -6822
MAP 611619 611806 -6820
MAP 611971 611972 -6821
MAP 612065 612066 -6822
MAP 612105 613299 -6820
MAP 613436 614359 -6818
MAP 614622 614623 -6817
MAP 614863 615843 -6815
MAP 615855 620028 -6808
MAP 620048 622284 -6807
MAP 622378 624688 -6806
MAP 624858 629504 -6805
MAP 630092 630685 -6804
MAP 630866 633046 -6803
MAP 633167 633817 -6801
MAP 633877 637016 -6800
MAP 637259 641228 -6799
MAP 641318 641954 -6798
MAP 642028 642751 -6796
MAP 643049 651659 -6795
MAP 651818 651819 -6794
MAP 651873 653031 -6795
MAP 653194 665853 -6796
MAP 666063 670821 -6895
MAP 674944 677558 -10689
MAP 677586 687947 -10637
MAP 688028 688389 -10638
MAP 688429 700381 -10665
MAP 700902 702066 -10657
MAP 702068 702068 -10649
MAP 702077 704253 -10657
MAP 704256 704256 -10652
MAP 704259 706331 -10649
MAP 706351 706497 -10660
MAP 706501 706501 -10657
MAP 706507 706518 -10660
MAP 706528 708487 -10661
MAP 708496 708496 -10655
MAP 708511 713095 -10665
MAP 713107 713175 -10660
MAP 713186 717153 -10665
MAP 717160 718482 -10667
MAP 718488 719729 -10656
MAP 719735 722437 -10644
MAP 722445 724254 -10642
MAP 724255 724255 -10639
MAP 724259 736723 -10642
MAP 736739 739546 -10643
MAP 739561 739806 -10636
MAP 739896 746198 -10637
MAP 746199 746205 -10635
MAP 746206 746215 -10633
MAP 746216 746225 -10631
MAP 746226 749849 -10629
MAP 749856 752490 -10593
MAP 752492 752834 -10592
MAP 752838 754733 -10585
MAP 754764 757664 -10613
MAP 757725 790132 20009
MAP 790221 859747 20008
MAP 859752 869764 20009
MAP 869825 878338 20008
MAP 878352 878353 20006
MAP 878360 878375 20007
MAP 878505 889175 20006
MAP 889182 890745 20007
MAP 890748 891754 20008
MAP 891761 894460 20006
MAP 894470 895294 20007
MAP 895306 895756 20008
MAP 895758 899320 20009
MAP 899326 899672 20010
MAP 899678 900121 20011
MAP 900128 901508 20012
MAP 901513 901702 20013
MAP 901710 913847 20014
MAP 913851 921178 20012
MAP 921183 958504 20013
MAP 958518 958909 20006
MAP 958936 959683 19986
MAP 959715 1019695 19969
MAP 1019720 1023134 19956
MAP 1023166 1024384 19940
MAP 1025189 1140946 19175
MAP 1140951 1141313 19182
MAP 1141316 1141471 19194
MAP 1141478 1142601 19246
MAP 1142604 1143152 19286
MAP 1143171 1146036 19566
MAP 1146053 1147782 19750
MAP 1147809 1148750 19909
MAP 1148765 1149549 20057
MAP 1149560 1149561 20058
MAP 1149570 1179993 20113
MAP 1180004 1184254 20132
MAP 1184257 1186871 20143
MAP 1186877 1190348 20151
MAP 1190355 1196622 20159
MAP 1196630 1197597 20211
MAP 1197602 1197730 20241
MAP 1197740 1198168 20258
MAP 1198176 1199763 20283
MAP 1199783 1199992 20316
MAP 1200000 1202813 20326
MAP 1202842 1204444 20346
MAP 1204458 1206445 20476
MAP 1206500 1209236 26762
MAP 1209273 1211199 26789
MAP 1211215 1212804 26811
MAP 1212821 1213537 26846
MAP 1213571 1213782 26860
MAP 1213799 1219810 26878
MAP 1219824 1220249 26892
MAP 1222170 1222170 25480
MAP 1222191 1222269 32413
MAP 1222299 1223316 32435
MAP 1223333 1224230 32462
MAP 1224258 1224856 32497
MAP 1224917 1225061 32496
MAP 1225194 1225585 32550
MAP 1225596 1237353 32576
MAP 1237446 1240905 32488
MAP 1240910 1241546 32536
MAP 1241552 1245521 32872
MAP 1245528 1246357 32904
MAP 1246399 1247105 32958
MAP 1247120 1247714 32967
MAP 1247751 1248358 32984
MAP 1248365 1248415 32983
MAP 1248445 1248446 32956
MAP 1248453 1252303 33019
MAP 1252308 1254408 33073
MAP 1254412 1255250 33082
MAP 1255254 1261949 33102
MAP 1261953 1262264 33126
MAP 1262280 1264425 33131
MAP 1264444 1266968 33136
MAP 1266974 1268437 33151
MAP 1268441 1268643 33164
MAP 1268654 1276306 33260
MAP 1276308 1276308 33259
MAP 1276318 1277086 33283
MAP 1277088 1277230 33289
MAP 1277237 1282747 33381
MAP 1282907 1286055 33432
MAP 1286151 1286151 33433
MAP 1286261 1286261 33429
MAP 1286292 1286292 33428
MAP 1286373 1286373 33426
MAP 1286464 1286464 33425
MAP 1286512 1286512 33424
MAP 1286553 1304630 33423
MAP 1304839 1304839 33422
MAP 1304966 1353409 33421
MAP 1353413 1354816 33464
MAP 1354819 1354899 33469
MAP 1354901 1355052 33474
MAP 1355056 1357641 33519
MAP 1357645 1361034 33533
MAP 1361036 1367532 33549
MAP 1367557 1374824 33550
